# oST version 5.0 parameters

[image]

width
640

height
360

[default]

camera matrix
395.086544 0.000000 343.416245
0.000000 395.599826 188.318197
0.000000 0.000000 1.000000

distortion
-0.311061 0.085598 -0.000239 0.001480 0.000000

rectification
1.000000 0.000000 0.000000
0.000000 1.000000 0.000000
0.000000 0.000000 1.000000

projection
298.174957 0.000000 357.625519 0.000000
0.000000 366.286163 189.056921 0.000000
0.000000 0.000000 1.000000 0.000000
